┌──────┬─────────────────────────┬───────┬────────┬────────┬────────┬────────┬────────┬────────┬────────┬────────┬────────┬────────┬────────┬────────┬────────┬────────┬────────┬────────┬─────┐
| [ID] |          玩家           | 分数  |  222   |  333   | 333bf  | 333fm  | 333mbf | 333oh  |  444   | 444bf  |  555   | 555bf  |  666   |  777   | clock  |  minx  | pyram  | skewb  | sq1 |
├──────┼─────────────────────────┼───────┼────────┼────────┼────────┼────────┼────────┼────────┼────────┼────────┼────────┼────────┼────────┼────────┼────────┼────────┼────────┼────────┼─────┤
|  0   |        小叮当uhc        | 57.47 | 62.76  | 97.00  |  0.00  | 55.14  |  0.00  | 80.27  | 100.00 |  0.00  | 100.00 | 84.98  | 64.15  | 49.77  | 46.94  | 45.92  | 47.99  | 84.62  |
|  1   |          冰渊           | 50.62 | 45.96  | 77.29  |  0.00  | 50.01  |  0.00  | 86.58  | 99.67  |  0.00  | 97.26  | 98.71  | 88.49  | 19.71  | 46.75  | 48.86  | 36.33  | 14.35  |
|  2   |         串串香          | 49.77 | 39.57  | 73.21  |  0.00  | 52.69  |  0.00  | 76.95  | 69.71  |  0.00  | 74.83  | 71.24  | 67.05  | 58.75  | 59.06  | 75.09  | 54.56  | 23.65  |
|  3   |        孤烟往事         | 44.76 | 61.07  | 75.29  |  0.00  | 48.77  |  0.00  | 77.14  | 76.07  |  0.00  | 74.36  | 58.98  | 53.81  |  0.00  | 55.88  | 55.87  | 47.22  | 31.74  |
|  4   |          蛋糕           | 41.85 | 55.49  | 86.87  |  7.38  | 50.87  |  0.00  | 78.28  | 81.30  |  0.00  | 61.79  | 59.89  | 47.35  | 19.24  | 57.33  | 55.73  |  8.15  |  0.00  |
|  5   |          仙女           | 39.45 | 36.11  | 74.42  |  0.00  | 46.47  |  0.00  | 53.56  | 72.84  |  0.00  | 78.50  | 72.85  |  0.00  |  0.00  | 68.64  | 40.61  | 61.59  | 25.61  |
|  6   |        小生不才         | 37.97 | 30.03  | 55.27  |  0.00  | 38.32  |  0.00  | 43.65  | 57.35  |  0.00  | 60.10  | 63.26  | 57.76  | 41.08  | 37.75  | 33.13  | 74.93  | 14.91  |
|  7   |        胡胡胡桃         | 37.88 | 25.85  | 49.74  |  0.00  | 41.85  |  0.00  | 46.31  | 51.94  |  0.00  | 54.96  | 52.81  | 46.59  | 52.04  | 29.19  | 72.05  | 69.03  | 13.73  |
|  8   |         羽妹妹          | 37.68 | 24.59  | 61.26  |  0.00  | 42.15  |  0.00  | 58.34  | 61.95  |  0.00  | 68.94  | 69.72  | 60.58  | 25.40  | 43.21  | 46.42  | 40.34  |  0.00  |
|  9   |          鱿鱼           | 35.90 | 35.83  | 100.00 |  0.00  |  0.00  |  0.00  | 100.00 | 80.53  |  0.00  | 84.86  | 69.82  | 58.13  | 45.25  |  0.00  |  0.00  |  0.00  |  0.00  |
|  10  |          嘉吖           | 35.49 | 42.72  | 46.63  | 17.77  | 27.19  |  0.00  | 49.14  | 40.10  |  0.00  | 50.88  | 46.82  | 51.36  | 38.18  | 57.27  | 35.73  | 49.53  | 14.50  |
|  11  |         马小熊          | 34.18 | 40.99  | 61.01  | 10.42  | 34.31  |  0.00  | 32.39  | 44.86  |  0.00  | 42.00  |  0.00  |  0.00  | 34.34  | 43.60  | 73.29  | 85.67  | 44.04  |
|  12  |         小潘潘          | 33.39 | 26.69  | 60.69  |  0.00  | 45.74  |  0.00  | 54.58  | 58.58  |  0.00  | 67.28  | 67.19  | 50.51  |  0.00  | 30.15  | 44.40  | 28.43  |  0.00  |
|  13  |         小樟树          | 32.58 | 25.00  | 61.59  |  2.72  | 39.34  |  0.00  | 35.47  | 56.64  |  0.00  | 71.14  | 65.00  | 65.07  | 14.39  | 26.31  | 24.35  | 15.40  | 18.78  |
|  14  |          心华           | 31.40 | 26.30  | 47.74  |  0.00  |  0.00  |  0.00  | 34.84  | 53.13  |  0.00  | 61.11  | 62.64  | 53.33  | 47.01  | 40.03  | 30.88  | 28.84  | 16.52  |
|  15  |          MIBT           | 30.57 | 25.85  | 66.14  |  0.00  | 51.76  |  0.00  | 59.70  | 75.83  |  0.00  | 74.34  | 60.19  | 37.31  |  0.00  | 14.73  | 23.26  |  0.00  |  0.00  |
|  16  |          乾蛋           | 29.53 | 28.80  | 54.44  |  0.00  | 38.82  |  0.00  | 48.47  | 54.19  |  0.00  | 66.64  | 52.91  | 49.23  |  0.00  | 29.20  | 20.50  | 29.35  |  0.00  |
|  17  |          clkcj          | 29.24 | 22.30  | 42.92  |  0.00  | 37.11  |  0.00  | 29.01  | 44.51  |  0.00  | 38.87  | 39.11  | 32.80  | 57.28  | 29.36  | 41.00  | 40.09  | 13.47  |
|  18  |          翠花           | 28.92 | 25.71  | 60.75  |  0.00  | 34.71  |  0.00  | 22.64  | 58.45  |  0.00  | 68.46  | 68.59  | 56.38  |  0.00  | 30.65  | 14.08  | 16.40  |  5.91  |
|  19  |          etyg           | 28.37 | 26.38  | 48.50  | 24.18  |  0.00  |  0.00  | 63.45  | 42.14  | 10.10  | 44.79  | 37.81  | 33.60  | 23.48  | 33.93  | 20.11  | 27.25  | 18.19  |
|  20  |          兔兔           | 28.14 | 26.92  | 45.79  |  5.65  | 54.64  |  0.00  | 37.60  | 44.99  |  0.00  | 50.07  | 53.27  | 50.18  | 16.65  | 32.71  | 20.15  | 11.65  |  0.00  |
|  21  |         CuberMN         | 27.97 | 11.53  | 31.14  | 14.93  | 54.64  |  0.00  | 20.70  | 41.24  |  0.00  | 40.04  | 46.07  | 46.75  | 28.52  | 41.61  | 25.51  | 28.07  | 16.77  |
|  22  |           711           | 26.72 | 100.00 | 92.38  |  0.00  |  0.00  |  0.00  | 90.80  | 79.30  |  0.00  | 65.08  |  0.00  |  0.00  |  0.00  |  0.00  |  0.00  |  0.00  |  0.00  |
|  23  |          魔迷           | 26.57 | 32.97  | 65.54  |  0.00  |  0.00  |  0.00  | 50.97  | 70.08  |  0.00  | 76.59  | 57.86  | 41.66  |  0.00  |  0.00  | 29.44  |  0.00  |  0.00  |
|  24  |          石头           | 26.54 | 33.09  | 91.08  |  0.00  |  0.00  |  0.00  | 68.85  | 64.27  |  0.00  | 51.36  |  0.00  |  0.00  | 66.31  | 49.65  |  0.00  |  0.00  |  0.00  |
|  25  |          康康           | 23.24 | 25.35  | 56.34  | 24.54  |  0.00  |  0.00  | 46.29  | 46.11  |  0.00  | 47.75  |  0.00  | 35.04  |  0.00  |  0.00  | 29.00  | 48.98  | 12.42  |
|  26  |          heme           | 23.07 | 52.91  | 42.79  |  0.00  |  0.00  |  0.00  |  0.00  | 48.64  |  0.00  | 51.58  |  0.00  | 44.71  | 85.91  |  0.00  |  0.00  |  0.00  | 42.64  |
|  27  |           vv            | 22.73 |  0.00  | 77.70  |  0.00  |  0.00  |  0.00  | 76.58  | 78.83  |  0.00  | 78.82  |  0.00  |  0.00  |  0.00  |  0.00  |  0.00  |  0.00  | 51.74  |
|  28  |          心流           | 22.50 | 22.58  | 69.20  | 13.53  |  0.00  |  0.00  | 76.70  | 78.34  |  0.00  | 81.70  |  0.00  |  0.00  |  0.00  |  0.00  |  0.00  | 17.99  |  0.00  |
|  29  |         Frandy          | 22.49 | 23.16  | 58.85  |  0.00  |  0.00  |  0.00  | 39.95  | 60.55  |  0.00  | 65.50  | 60.91  | 50.89  |  0.00  |  0.00  |  0.00  |  0.00  |  0.00  |
|  30  |         Clansey         | 22.21 | 22.03  | 53.89  |  0.00  | 48.36  |  0.00  | 45.38  | 56.30  |  0.00  | 47.35  |  0.00  |  0.00  |  0.00  |  0.00  | 30.79  | 51.27  |  0.00  |
|  31  |          6223           | 22.03 | 19.53  | 49.36  |  0.00  |  0.00  |  0.00  | 31.29  | 44.49  |  0.00  | 57.15  | 48.29  | 52.10  |  0.00  | 33.23  | 16.97  |  0.00  |  0.00  |
|  32  |          木木           | 21.33 | 25.71  | 59.15  |  0.00  |  0.00  |  0.00  | 37.75  | 45.64  |  0.00  |  0.00  |  0.00  |  0.00  |  0.00  | 45.49  | 56.32  | 71.27  |  0.00  |
|  33  |           C酱           | 21.26 |  0.00  | 52.67  |  0.00  |  0.00  |  0.00  | 61.16  | 73.63  |  0.00  | 75.02  | 77.60  |  0.00  |  0.00  |  0.00  |  0.00  |  0.00  |  0.00  |
|  34  |        Cuber星辰        | 20.36 | 19.08  | 44.67  |  0.00  |  0.00  |  0.00  | 33.38  | 43.36  |  0.00  | 39.54  | 28.87  | 24.98  | 25.44  | 19.38  | 28.46  | 18.64  |  0.00  |
|  35  |          乔治           | 20.35 | 47.89  | 45.68  |  0.00  |  0.00  |  0.00  | 38.13  | 35.20  |  0.00  |  0.00  |  0.00  |  0.00  | 56.60  |  0.00  | 42.04  | 36.89  | 23.17  |
|  36  |          太乙           | 20.18 | 19.70  | 67.60  |  0.00  | 47.20  |  0.00  | 52.87  | 39.49  |  0.00  |  0.00  |  0.00  |  0.00  |  0.00  |  0.00  | 36.71  | 31.27  | 28.08  |
|  37  |         Justin          | 20.06 | 65.47  | 62.18  |  0.00  |  0.00  |  0.00  | 40.00  |  0.00  |  0.00  | 62.17  | 60.69  |  0.00  |  0.00  |  0.00  | 30.40  |  0.00  |  0.00  |
|  38  |          空空           | 19.95 | 32.16  | 59.45  |  0.00  |  0.00  |  0.00  | 54.58  | 63.93  |  0.00  | 66.80  |  0.00  |  0.00  | 42.33  |  0.00  |  0.00  |  0.00  |  0.00  |
|  39  |          阑珊           | 19.06 | 19.53  | 43.76  |  0.00  |  0.00  |  0.00  | 35.67  | 29.33  |  0.00  |  0.00  |  0.00  |  0.00  | 36.60  |  0.00  | 100.00 | 40.03  |  0.00  |
|  40  |        天马行空         | 18.56 | 34.60  | 51.83  | 12.83  | 100.00 |  0.00  | 68.55  |  0.00  |  0.00  |  0.00  |  0.00  |  0.00  | 29.24  |  0.00  |  0.00  |  0.00  |  0.00  |
|  41  |           H2O           | 18.43 | 26.92  | 41.28  |  0.00  |  0.00  |  0.00  | 29.68  | 34.14  |  0.00  |  0.00  |  0.00  |  0.00  | 61.24  | 24.31  | 43.85  |  0.00  | 33.37  |
|  42  |         Railway         | 18.39 | 24.40  | 39.27  |  0.00  |  0.00  |  0.00  | 34.17  | 26.29  |  0.00  | 25.71  | 20.36  | 17.59  | 33.70  | 16.41  | 22.41  | 16.34  | 17.56  |
|  43  |      流浪的小破球       | 18.23 | 24.66  | 64.10  |  0.00  |  0.00  |  0.00  | 64.75  | 47.12  |  0.00  |  0.00  |  0.00  |  0.00  | 34.64  |  0.00  |  0.00  | 56.44  |  0.00  |
|  44  |           TYC           | 17.64 |  0.00  |  0.00  |  0.00  |  0.00  |  0.00  |  0.00  |  0.00  |  0.00  | 61.38  |  0.00  |  0.00  | 49.43  | 71.45  |  0.00  | 100.00 |  0.00  |
|  45  |       2023YINY02        | 15.87 |  0.00  |  0.00  |  0.00  |  0.00  |  0.00  |  0.00  |  0.00  |  0.00  | 82.97  | 90.95  | 79.95  |  0.00  |  0.00  |  0.00  |  0.00  |  0.00  |
|  46  |        Tw1light         | 15.61 | 30.64  | 73.02  |  0.00  |  0.00  |  0.00  | 92.67  | 53.47  |  0.00  |  0.00  |  0.00  |  0.00  |  0.00  |  0.00  |  0.00  |  0.00  |  0.00  |
|  47  |          予澈           | 15.21 | 29.35  | 58.32  |  0.00  |  0.00  |  0.00  | 45.34  | 52.27  |  0.00  | 42.52  |  0.00  |  0.00  |  0.00  |  0.00  |  0.00  |  0.00  | 15.54  |
|  48  |          皮蛋           | 15.12 |  0.00  |  0.00  |  0.00  |  0.00  |  0.00  | 92.31  | 70.79  |  0.00  | 78.78  |  0.00  |  0.00  |  0.00  |  0.00  |  0.00  |  0.00  |  0.00  |
|  49  |         额额额          | 14.92 | 66.42  | 60.06  |  0.00  |  0.00  |  0.00  | 33.72  | 54.32  |  0.00  |  0.00  |  0.00  |  0.00  |  0.00  |  0.00  | 24.21  |  0.00  |  0.00  |
|  50  |           笑            | 14.75 | 36.25  | 41.87  |  0.00  |  0.00  |  0.00  | 28.09  | 64.01  |  0.00  | 65.71  |  0.00  |  0.00  |  0.00  |  0.00  |  0.00  |  0.00  |  0.00  |
|  51  |         老司机          | 14.69 | 20.13  | 55.96  |  0.00  |  0.00  |  0.00  | 46.95  | 48.53  |  0.00  | 42.29  |  0.00  |  0.00  |  0.00  |  0.00  |  0.00  | 21.18  |  0.00  |
|  52  |            G            | 14.58 | 22.81  | 54.09  |  0.00  |  0.00  |  0.00  | 72.15  |  0.00  |  0.00  |  0.00  |  0.00  |  0.00  |  0.00  |  0.00  | 31.75  | 28.01  | 24.54  |
|  53  |          辞星           | 14.54 |  0.00  | 65.17  |  0.00  |  0.00  |  0.00  | 67.47  |  0.00  |  0.00  |  0.00  |  0.00  |  0.00  |  0.00  | 100.00 |  0.00  |  0.00  |  0.00  |
|  54  |           yin           | 14.38 | 29.35  | 59.21  |  0.00  |  0.00  |  0.00  | 53.99  | 55.98  |  0.00  |  0.00  |  0.00  |  0.00  |  0.00  |  0.00  |  0.00  | 31.53  |  0.00  |
|  55  |       与风中消逝        | 14.30 |  0.00  | 62.31  |  9.17  |  0.00  |  0.00  | 62.25  | 58.50  |  0.00  | 36.58  |  0.00  |  0.00  |  0.00  |  0.00  |  0.00  |  0.00  |  0.00  |
|  56  |          北风           | 14.28 | 19.83  | 60.56  |  0.00  |  0.00  |  0.00  | 79.93  |  0.00  |  0.00  |  0.00  |  0.00  |  0.00  | 35.84  |  0.00  |  0.00  |  0.00  | 32.39  |
|  57  |         黄小胖          | 14.08 | 19.74  | 54.04  |  0.00  |  0.00  |  0.00  | 55.18  | 53.94  |  0.00  |  0.00  |  0.00  |  0.00  |  0.00  | 28.41  | 14.02  |  0.00  |  0.00  |
|  58  |          狼朗           | 14.08 | 22.30  | 48.42  |  0.00  |  0.00  |  0.00  | 38.21  |  0.00  |  0.00  |  0.00  |  0.00  |  0.00  | 65.02  | 51.32  |  0.00  |  0.00  |  0.00  |
|  59  |           屑            | 14.06 | 66.91  | 60.31  |  0.00  |  0.00  |  0.00  | 45.40  | 52.40  |  0.00  |  0.00  |  0.00  |  0.00  |  0.00  |  0.00  |  0.00  |  0.00  |  0.00  |
|  60  |         硝酸刃          | 13.81 |  0.00  |  0.00  |  0.00  |  0.00  |  0.00  |  0.00  |  0.00  |  0.00  | 71.30  | 73.86  | 75.81  |  0.00  |  0.00  |  0.00  |  0.00  |  0.00  |
|  61  |          风岚           | 13.70 | 33.33  | 68.71  |  0.00  |  0.00  |  0.00  | 49.14  | 46.02  |  0.00  | 22.02  |  0.00  |  0.00  |  0.00  |  0.00  |  0.00  |  0.00  |  0.00  |
|  62  |         Cuber奎         | 13.61 | 16.61  | 51.69  |  0.00  |  0.00  |  0.00  | 52.17  | 45.68  |  0.00  | 51.58  |  0.00  |  0.00  |  0.00  |  0.00  |  0.00  |  0.00  |  0.00  |
|  63  |           ltc           | 13.46 |  0.00  | 71.76  |  0.00  |  0.00  |  0.00  |  0.00  | 77.78  |  0.00  | 65.75  |  0.00  |  0.00  |  0.00  |  0.00  |  0.00  |  0.00  |  0.00  |
|  64  |          几何           | 13.36 |  0.00  | 83.98  |  0.00  |  0.00  |  0.00  |  0.00  | 64.97  |  0.00  | 64.84  |  0.00  |  0.00  |  0.00  |  0.00  |  0.00  |  0.00  |  0.00  |
|  65  |          空白           | 13.21 | 27.00  | 55.38  |  0.00  | 46.10  |  0.00  | 51.13  |  0.00  |  0.00  |  0.00  |  0.00  |  0.00  |  0.00  |  0.00  | 13.92  | 17.79  |  0.00  |
|  66  |         李方舟          | 12.90 | 20.82  | 40.81  |  0.00  | 35.76  |  0.00  | 33.40  | 40.51  |  0.00  |  0.00  |  0.00  |  0.00  |  0.00  |  0.00  | 22.41  | 12.74  |  0.00  |
|  67  |          影子           | 12.57 |  0.00  | 66.82  |  0.00  |  0.00  |  0.00  | 65.51  | 41.33  |  0.00  |  0.00  |  0.00  |  0.00  |  0.00  |  0.00  |  0.00  | 27.42  |  0.00  |
|  68  |          问神           | 12.50 |  0.00  |  0.00  |  0.00  |  0.00  |  0.00  |  0.00  |  0.00  |  0.00  |  0.00  | 100.00 | 100.00 |  0.00  |  0.00  |  0.00  |  0.00  |  0.00  |
|  69  |          火花           | 12.46 |  0.00  | 50.74  | 36.30  |  0.00  |  0.00  | 65.07  | 47.22  |  0.00  |  0.00  |  0.00  |  0.00  |  0.00  |  0.00  |  0.00  |  0.00  |  0.00  |
|  70  |           怜            | 12.26 | 25.78  | 50.26  |  0.00  |  0.00  |  0.00  |  0.00  |  0.00  |  0.00  |  0.00  |  0.00  |  0.00  | 48.27  |  0.00  |  0.00  |  0.00  | 71.80  |
|  71  |         饺子皮          | 12.24 | 26.76  | 49.87  |  0.00  |  0.00  |  0.00  |  0.00  |  0.00  |  0.00  |  0.00  |  0.00  |  0.00  | 77.46  |  0.00  | 41.72  |  0.00  |  0.00  |
|  72  |         Marcel          | 12.17 | 15.88  | 42.02  |  0.00  |  0.00  |  0.00  | 29.64  |  0.00  |  0.00  |  0.00  |  0.00  |  0.00  | 30.54  |  0.00  | 76.70  |  0.00  |  0.00  |
|  73  |          主任           | 11.84 | 20.82  | 36.15  |  0.00  |  0.00  |  0.00  |  0.00  |  0.00  |  0.00  |  0.00  |  0.00  |  0.00  |  0.00  |  0.00  | 30.31  | 46.55  | 55.67  |
|  74  |       lFcjaybNusK       | 11.80 |  0.00  | 57.91  |  0.00  |  0.00  |  0.00  | 51.41  |  0.00  |  0.00  |  0.00  |  0.00  |  0.00  |  0.00  |  0.00  |  0.00  | 79.46  |  0.00  |
|  75  |         Cuber夜         | 11.69 | 22.75  | 75.68  |  0.00  |  0.00  |  0.00  | 50.13  | 25.05  |  0.00  |  0.00  |  0.00  |  0.00  |  0.00  |  0.00  | 13.35  |  0.00  |  0.00  |
|  76  |          尛蠡           | 11.62 | 18.53  | 52.48  |  0.00  |  0.00  |  0.00  | 36.24  | 51.48  |  0.00  |  0.00  |  0.00  |  0.00  |  0.00  |  0.00  | 27.26  |  0.00  |  0.00  |
|  77  |         老陈醋          | 11.35 | 20.63  | 52.29  |  0.00  |  0.00  |  0.00  | 65.51  | 43.20  |  0.00  |  0.00  |  0.00  |  0.00  |  0.00  |  0.00  |  0.00  |  0.00  |  0.00  |
|  78  |          天梦           | 11.14 | 23.82  | 52.34  |  0.00  |  0.00  |  0.00  | 79.20  |  0.00  |  0.00  |  0.00  |  0.00  |  0.00  |  0.00  |  0.00  | 22.86  |  0.00  |  0.00  |
|  79  |        谕之先生         | 10.66 |  0.00  | 49.41  |  0.00  |  0.00  |  0.00  | 44.76  | 48.36  |  0.00  |  0.00  |  0.00  |  0.00  |  0.00  |  0.00  |  0.00  |  0.00  | 28.10  |
|  80  |     灭世傲天血魔尊      | 10.65 |  0.00  | 54.29  | 24.90  | 30.73  |  0.00  | 60.50  |  0.00  |  0.00  |  0.00  |  0.00  |  0.00  |  0.00  |  0.00  |  0.00  |  0.00  |  0.00  |
|  81  |           wjz           | 10.17 | 63.64  | 99.15  |  0.00  |  0.00  |  0.00  |  0.00  |  0.00  |  0.00  |  0.00  |  0.00  |  0.00  |  0.00  |  0.00  |  0.00  |  0.00  |  0.00  |
|  82  |          江海           | 10.15 |  0.00  | 92.68  |  0.00  |  0.00  |  0.00  |  0.00  |  0.00  |  0.00  |  0.00  |  0.00  |  0.00  |  0.00  | 69.65  |  0.00  |  0.00  |  0.00  |
|  83  |          柒柒           | 10.13 | 26.53  | 49.24  |  0.00  |  0.00  |  0.00  | 24.67  |  0.00  |  0.00  |  0.00  |  0.00  |  0.00  |  0.00  |  0.00  | 28.76  | 32.92  |  0.00  |
|  84  |       Water_bros        | 10.06 | 17.91  | 53.54  | 17.49  | 35.33  |  0.00  | 36.60  |  0.00  |  0.00  |  0.00  |  0.00  |  0.00  |  0.00  |  0.00  |  0.00  |  0.00  |  0.00  |
|  85  |        天真无邪         | 9.99  | 13.23  | 35.57  |  0.00  |  0.00  |  0.00  | 30.74  | 33.42  |  0.00  |  0.00  |  0.00  |  0.00  | 12.34  |  0.00  | 19.69  | 14.78  |  0.00  |
|  86  |           hmq           | 9.88  |  0.00  | 57.11  |  0.00  |  0.00  |  0.00  | 51.00  | 50.04  |  0.00  |  0.00  |  0.00  |  0.00  |  0.00  |  0.00  |  0.00  |  0.00  |  0.00  |
|  87  |           lzj           | 9.86  |  0.00  | 32.44  |  0.00  |  0.00  |  0.00  |  0.00  |  0.00  |  0.00  |  0.00  |  0.00  |  0.00  |  0.00  |  0.00  |  0.00  | 25.29  | 100.00 |
|  88  |          云翮           | 9.80  |  0.00  | 27.32  |  0.00  |  0.00  |  0.00  |  0.00  |  0.00  |  0.00  |  0.00  |  0.00  |  0.00  |  0.00  |  0.00  | 63.50  | 48.79  | 17.10  |
|  89  |           cry           | 9.35  |  0.00  |  0.00  |  0.00  |  0.00  |  0.00  |  0.00  |  0.00  |  0.00  |  0.00  |  0.00  |  0.00  | 100.00 |  0.00  | 49.54  |  0.00  |  0.00  |
|  90  |      不能吃的Sugar      | 9.17  | 19.65  | 45.68  | 18.12  |  0.00  |  0.00  | 23.67  | 39.54  |  0.00  |  0.00  |  0.00  |  0.00  |  0.00  |  0.00  |  0.00  |  0.00  |  0.00  |
|  91  |      大白糖奶兔鸭       | 9.04  | 28.44  | 65.99  |  0.00  |  0.00  |  0.00  |  0.00  | 50.16  |  0.00  |  0.00  |  0.00  |  0.00  |  0.00  |  0.00  |  0.00  |  0.00  |  0.00  |
|  92  |         上一下          | 8.94  | 22.64  | 38.75  |  0.00  |  0.00  |  0.00  | 39.24  |  0.00  |  0.00  |  0.00  |  0.00  |  0.00  |  0.00  |  0.00  | 42.46  |  0.00  |  0.00  |
|  93  |        songphyxu        | 8.90  | 15.24  | 46.34  |  0.00  |  0.00  |  0.00  |  0.00  | 34.97  |  0.00  | 33.78  |  0.00  |  0.00  |  0.00  |  0.00  | 12.08  |  0.00  |  0.00  |
|  94  |          鱼七           | 8.83  | 22.69  | 43.02  | 11.60  |  0.00  |  0.00  | 27.99  |  0.00  |  0.00  |  0.00  |  0.00  |  0.00  |  0.00  |  0.00  |  0.00  | 25.86  | 10.19  |
|  95  |          司南           | 8.61  |  0.00  | 72.48  |  0.00  |  0.00  |  0.00  | 65.29  |  0.00  |  0.00  |  0.00  |  0.00  |  0.00  |  0.00  |  0.00  |  0.00  |  0.00  |  0.00  |
|  96  |           丰            | 8.55  | 19.65  | 50.65  |  0.00  |  0.00  |  0.00  | 66.48  |  0.00  |  0.00  |  0.00  |  0.00  |  0.00  |  0.00  |  0.00  |  0.00  |  0.00  |  0.00  |
|  97  |          跳跳           | 8.48  |  0.00  | 48.50  | 37.69  |  0.00  |  0.00  | 49.56  |  0.00  |  0.00  |  0.00  |  0.00  |  0.00  |  0.00  |  0.00  |  0.00  |  0.00  |  0.00  |
|  98  |           yqr           | 8.45  |  0.00  | 81.97  |  0.00  |  0.00  |  0.00  | 53.29  |  0.00  |  0.00  |  0.00  |  0.00  |  0.00  |  0.00  |  0.00  |  0.00  |  0.00  |  0.00  |
|  99  |          北宅           | 8.44  |  0.00  | 54.34  |  0.00  |  0.00  |  0.00  | 80.68  |  0.00  |  0.00  |  0.00  |  0.00  |  0.00  |  0.00  |  0.00  |  0.00  |  0.00  |  0.00  |
| 100  |         小毛驴          | 8.42  | 16.52  | 25.75  |  0.00  |  0.00  |  0.00  | 15.39  | 23.22  |  0.00  | 17.13  |  0.00  |  0.00  |  0.00  | 15.56  | 21.17  |  0.00  |  0.00  |
| 101  |           jqd           | 8.33  |  0.00  |  0.00  |  0.00  |  0.00  |  0.00  |  0.00  |  0.00  |  0.00  |  0.00  |  0.00  |  0.00  | 71.93  |  0.00  |  0.00  | 61.31  |  0.00  |
| 102  |        CuberKang        | 8.22  | 22.52  | 41.93  |  0.00  | 31.22  |  0.00  |  0.00  |  0.00  |  0.00  |  0.00  |  0.00  |  0.00  |  0.00  |  0.00  |  0.00  | 35.78  |  0.00  |
| 103  |          莫醒           | 8.04  |  0.00  |  0.00  |  0.00  |  0.00  |  0.00  | 76.27  | 52.31  |  0.00  |  0.00  |  0.00  |  0.00  |  0.00  |  0.00  |  0.00  |  0.00  |  0.00  |
| 104  |         独角兽          | 7.88  |  0.00  | 63.54  |  0.00  |  0.00  |  0.00  | 62.53  |  0.00  |  0.00  |  0.00  |  0.00  |  0.00  |  0.00  |  0.00  |  0.00  |  0.00  |  0.00  |
| 105  |        lire2000         | 7.50  |  0.00  | 38.44  |  0.00  |  0.00  |  0.00  |  0.00  |  0.00  |  0.00  |  0.00  |  0.00  |  0.00  |  0.00  | 81.50  |  0.00  |  0.00  |  0.00  |
| 106  |         小情子          | 7.46  | 12.83  | 23.47  |  0.00  |  0.00  |  0.00  | 19.61  |  0.00  |  0.00  |  0.00  |  0.00  |  0.00  |  0.00  |  0.00  | 32.13  | 31.38  |  0.00  |
| 107  |           van           | 7.27  | 19.04  | 48.54  |  0.00  |  0.00  |  0.00  | 28.68  | 20.07  |  0.00  |  0.00  |  0.00  |  0.00  |  0.00  |  0.00  |  0.00  |  0.00  |  0.00  |
| 108  |         天方魔          | 7.26  |  0.00  |  0.00  | 30.67  | 85.52  |  0.00  |  0.00  |  0.00  |  0.00  |  0.00  |  0.00  |  0.00  |  0.00  |  0.00  |  0.00  |  0.00  |  0.00  |
| 109  |         张春雨          | 7.20  |  0.00  | 50.48  |  0.00  |  0.00  |  0.00  |  0.00  |  0.00  |  0.00  | 64.67  |  0.00  |  0.00  |  0.00  |  0.00  |  0.00  |  0.00  |  0.00  |
| 110  |          米琦           | 6.92  |  0.00  |  0.00  | 22.46  |  0.00  |  0.00  |  0.00  |  0.00  | 30.29  |  0.00  |  0.00  |  0.00  |  0.00  |  0.00  | 57.99  |  0.00  |  0.00  |
| 111  |          流光           | 6.77  |  0.00  | 50.26  |  0.00  |  0.00  |  0.00  | 33.46  | 24.62  |  0.00  |  0.00  |  0.00  |  0.00  |  0.00  |  0.00  |  0.00  |  0.00  |  0.00  |
| 112  |          考拉           | 6.73  |  0.00  | 54.91  |  0.00  |  0.00  |  0.00  | 52.84  |  0.00  |  0.00  |  0.00  |  0.00  |  0.00  |  0.00  |  0.00  |  0.00  |  0.00  |  0.00  |
| 113  |          疯子           | 6.65  |  9.78  | 21.84  |  0.00  |  0.00  |  0.00  | 14.00  | 15.35  |  0.00  | 16.50  |  0.00  |  0.00  |  0.00  |  0.00  | 14.88  | 13.97  |  0.00  |
| 114  |          我鬼           | 6.64  |  0.00  | 53.74  |  0.00  |  0.00  |  0.00  | 52.55  |  0.00  |  0.00  |  0.00  |  0.00  |  0.00  |  0.00  |  0.00  |  0.00  |  0.00  |  0.00  |
| 115  |         鱼风筝          | 6.43  |  0.00  | 46.30  |  8.46  |  0.00  |  0.00  |  0.00  |  0.00  |  0.00  |  0.00  |  0.00  | 48.13  |  0.00  |  0.00  |  0.00  |  0.00  |  0.00  |
| 116  |         CuberXT         | 6.40  | 13.68  | 42.83  |  0.00  |  0.00  |  0.00  |  0.00  | 45.82  |  0.00  |  0.00  |  0.00  |  0.00  |  0.00  |  0.00  |  0.00  |  0.00  |  0.00  |
| 117  |         一只鱼          | 6.29  |  0.00  | 40.81  |  0.00  | 30.89  |  0.00  | 18.11  | 10.83  |  0.00  |  0.00  |  0.00  |  0.00  |  0.00  |  0.00  |  0.00  |  0.00  |  0.00  |
| 118  |          奶茶           | 6.25  |  0.00  |  0.00  |  0.00  | 100.00 |  0.00  |  0.00  |  0.00  |  0.00  |  0.00  |  0.00  |  0.00  |  0.00  |  0.00  |  0.00  |  0.00  |  0.00  |
| 119  |         吴雨霏          | 6.25  |  0.00  |  0.00  | 100.00 |  0.00  |  0.00  |  0.00  |  0.00  |  0.00  |  0.00  |  0.00  |  0.00  |  0.00  |  0.00  |  0.00  |  0.00  |  0.00  |
| 120  |         小马哥          | 5.98  |  0.00  |  0.00  |  0.00  |  0.00  |  0.00  |  0.00  |  0.00  |  0.00  |  0.00  |  0.00  |  0.00  |  0.00  |  0.00  |  0.00  | 95.64  |  0.00  |
| 121  |          柠檬           | 5.81  | 12.17  | 49.32  |  0.00  |  0.00  |  0.00  | 31.46  |  0.00  |  0.00  |  0.00  |  0.00  |  0.00  |  0.00  |  0.00  |  0.00  |  0.00  |  0.00  |
| 122  |          夜莺           | 5.77  | 22.25  | 36.77  |  0.00  |  0.00  |  0.00  |  0.00  | 33.28  |  0.00  |  0.00  |  0.00  |  0.00  |  0.00  |  0.00  |  0.00  |  0.00  |  0.00  |
| 123  |        tomorrow         | 5.54  | 16.76  | 39.27  |  0.00  |  0.00  |  0.00  |  0.00  |  0.00  |  0.00  |  0.00  |  0.00  |  0.00  |  0.00  |  0.00  |  0.00  | 32.55  |  0.00  |
| 124  |         sherry          | 5.53  |  0.00  |  0.00  |  0.00  |  0.00  |  0.00  |  0.00  | 88.54  |  0.00  |  0.00  |  0.00  |  0.00  |  0.00  |  0.00  |  0.00  |  0.00  |  0.00  |
| 125  |         小狐狸          | 5.44  | 10.46  | 30.27  |  0.00  |  0.00  |  0.00  |  0.00  | 26.65  |  0.00  | 19.68  |  0.00  |  0.00  |  0.00  |  0.00  |  0.00  |  0.00  |  0.00  |
| 126  |          star           | 5.40  |  0.00  |  0.00  |  0.00  |  0.00  |  0.00  |  0.00  |  0.00  |  0.00  |  0.00  |  0.00  |  0.00  |  0.00  | 86.35  |  0.00  |  0.00  |  0.00  |
| 127  |          加载           | 5.35  |  0.00  | 49.91  |  0.00  |  0.00  |  0.00  | 35.67  |  0.00  |  0.00  |  0.00  |  0.00  |  0.00  |  0.00  |  0.00  |  0.00  |  0.00  |  0.00  |
| 128  |         A_coin          | 5.27  |  0.00  |  0.00  |  0.00  | 84.31  |  0.00  |  0.00  |  0.00  |  0.00  |  0.00  |  0.00  |  0.00  |  0.00  |  0.00  |  0.00  |  0.00  |  0.00  |
| 129  |      cuber_派大星       | 5.02  |  0.00  | 44.33  |  0.00  |  0.00  |  0.00  | 36.06  |  0.00  |  0.00  |  0.00  |  0.00  |  0.00  |  0.00  |  0.00  |  0.00  |  0.00  |  0.00  |
| 130  |          小方           | 4.99  |  0.00  | 41.16  |  0.00  |  0.00  |  0.00  | 38.63  |  0.00  |  0.00  |  0.00  |  0.00  |  0.00  |  0.00  |  0.00  |  0.00  |  0.00  |  0.00  |
| 131  |       鸳鸯低了头        | 4.99  |  0.00  | 41.78  |  0.00  |  0.00  |  0.00  | 38.00  |  0.00  |  0.00  |  0.00  |  0.00  |  0.00  |  0.00  |  0.00  |  0.00  |  0.00  |  0.00  |
| 132  |          蔚少           | 4.95  | 19.16  | 40.17  |  0.00  |  0.00  |  0.00  |  0.00  |  0.00  |  0.00  |  0.00  |  0.00  |  0.00  |  0.00  |  0.00  |  0.00  |  0.00  | 19.80  |
| 133  |         杨杰予          | 4.87  |  0.00  |  0.00  | 77.85  |  0.00  |  0.00  |  0.00  |  0.00  |  0.00  |  0.00  |  0.00  |  0.00  |  0.00  |  0.00  |  0.00  |  0.00  |  0.00  |
| 134  |       2019zhen38        | 4.75  |  0.00  |  0.00  |  0.00  |  0.00  |  0.00  |  0.00  |  0.00  |  0.00  |  0.00  |  0.00  |  0.00  |  0.00  | 75.96  |  0.00  |  0.00  |  0.00  |
| 135  |           czj           | 4.59  |  0.00  | 73.48  |  0.00  |  0.00  |  0.00  |  0.00  |  0.00  |  0.00  |  0.00  |  0.00  |  0.00  |  0.00  |  0.00  |  0.00  |  0.00  |  0.00  |
| 136  |          冰冰           | 4.57  |  0.00  |  0.00  | 73.05  |  0.00  |  0.00  |  0.00  |  0.00  |  0.00  |  0.00  |  0.00  |  0.00  |  0.00  |  0.00  |  0.00  |  0.00  |  0.00  |
| 137  |           奣            | 4.51  |  0.00  |  0.00  |  0.00  |  0.00  |  0.00  | 72.20  |  0.00  |  0.00  |  0.00  |  0.00  |  0.00  |  0.00  |  0.00  |  0.00  |  0.00  |  0.00  |
| 138  |        尘缘未了         | 4.49  |  0.00  | 40.50  |  0.00  |  0.00  |  0.00  |  0.00  | 31.40  |  0.00  |  0.00  |  0.00  |  0.00  |  0.00  |  0.00  |  0.00  |  0.00  |  0.00  |
| 139  |          肥仔           | 4.45  |  0.00  |  0.00  |  0.00  |  0.00  |  0.00  |  0.00  |  0.00  |  0.00  |  0.00  |  0.00  |  0.00  |  0.00  |  0.00  |  0.00  | 71.27  |  0.00  |
| 140  |       訡殅緣未尽        | 4.42  | 10.94  | 41.39  |  0.00  |  0.00  |  0.00  |  0.00  | 18.36  |  0.00  |  0.00  |  0.00  |  0.00  |  0.00  |  0.00  |  0.00  |  0.00  |  0.00  |
| 141  |         罗佳宁          | 4.40  |  0.00  |  0.00  | 70.37  |  0.00  |  0.00  |  0.00  |  0.00  |  0.00  |  0.00  |  0.00  |  0.00  |  0.00  |  0.00  |  0.00  |  0.00  |  0.00  |
| 142  |       2016YEXI01        | 4.35  | 17.33  | 37.33  |  0.00  |  0.00  |  0.00  |  0.00  |  0.00  |  0.00  |  0.00  |  0.00  |  0.00  |  0.00  |  0.00  |  0.00  | 14.86  |  0.00  |
| 143  |         stairs          | 4.25  |  0.00  | 37.96  |  0.00  |  0.00  |  0.00  | 30.09  |  0.00  |  0.00  |  0.00  |  0.00  |  0.00  |  0.00  |  0.00  |  0.00  |  0.00  |  0.00  |
| 144  |         Cuber云         | 4.24  | 13.68  |  0.00  |  0.00  |  0.00  |  0.00  |  0.00  |  0.00  |  0.00  |  0.00  |  0.00  |  0.00  |  0.00  |  0.00  |  9.85  | 10.05  | 34.31  |
| 145  |         张存皓          | 4.21  |  0.00  |  0.00  | 67.34  |  0.00  |  0.00  |  0.00  |  0.00  |  0.00  |  0.00  |  0.00  |  0.00  |  0.00  |  0.00  |  0.00  |  0.00  |  0.00  |
| 146  |         西柚子          | 4.13  | 21.02  | 45.08  |  0.00  |  0.00  |  0.00  |  0.00  |  0.00  |  0.00  |  0.00  |  0.00  |  0.00  |  0.00  |  0.00  |  0.00  |  0.00  |  0.00  |
| 147  |          熊父           | 4.11  | 15.45  | 19.11  |  0.00  |  0.00  |  0.00  |  0.00  |  0.00  |  0.00  |  0.00  |  0.00  |  0.00  |  0.00  |  0.00  | 15.62  | 15.65  |  0.00  |
| 148  |          橙子           | 3.87  |  0.00  | 45.54  |  0.00  |  0.00  |  0.00  |  0.00  |  0.00  |  0.00  |  0.00  |  0.00  |  0.00  |  0.00  |  0.00  | 16.32  |  0.00  |  0.00  |
| 149  |          可乐           | 3.85  |  0.00  | 31.51  |  0.00  |  0.00  |  0.00  | 30.07  |  0.00  |  0.00  |  0.00  |  0.00  |  0.00  |  0.00  |  0.00  |  0.00  |  0.00  |  0.00  |
| 150  |          徐WR           | 3.76  |  0.00  |  0.00  |  0.00  | 60.21  |  0.00  |  0.00  |  0.00  |  0.00  |  0.00  |  0.00  |  0.00  |  0.00  |  0.00  |  0.00  |  0.00  |  0.00  |
| 151  |           仁            | 3.67  |  0.00  |  0.00  | 58.76  |  0.00  |  0.00  |  0.00  |  0.00  |  0.00  |  0.00  |  0.00  |  0.00  |  0.00  |  0.00  |  0.00  |  0.00  |  0.00  |
| 152  |          禾廷           | 3.67  |  0.00  |  0.00  | 26.77  |  0.00  |  0.00  |  0.00  |  0.00  | 31.95  |  0.00  |  0.00  |  0.00  |  0.00  |  0.00  |  0.00  |  0.00  |  0.00  |
| 153  |           DNF           | 3.66  |  0.00  | 58.49  |  0.00  |  0.00  |  0.00  |  0.00  |  0.00  |  0.00  |  0.00  |  0.00  |  0.00  |  0.00  |  0.00  |  0.00  |  0.00  |  0.00  |
| 154  |          Larch          | 3.56  |  0.00  | 56.89  |  0.00  |  0.00  |  0.00  |  0.00  |  0.00  |  0.00  |  0.00  |  0.00  |  0.00  |  0.00  |  0.00  |  0.00  |  0.00  |  0.00  |
| 155  |         夏雨荷          | 3.46  |  0.00  | 55.32  |  0.00  |  0.00  |  0.00  |  0.00  |  0.00  |  0.00  |  0.00  |  0.00  |  0.00  |  0.00  |  0.00  |  0.00  |  0.00  |  0.00  |
| 156  |          尼奥           | 3.45  |  0.00  |  0.00  |  0.00  |  0.00  |  0.00  |  0.00  |  0.00  |  0.00  |  0.00  |  0.00  |  0.00  | 55.16  |  0.00  |  0.00  |  0.00  |  0.00  |
| 157  |          钇铑           | 3.35  |  0.00  | 53.54  |  0.00  |  0.00  |  0.00  |  0.00  |  0.00  |  0.00  |  0.00  |  0.00  |  0.00  |  0.00  |  0.00  |  0.00  |  0.00  |  0.00  |
| 158  |          兮颜           | 3.29  |  0.00  | 52.72  |  0.00  |  0.00  |  0.00  |  0.00  |  0.00  |  0.00  |  0.00  |  0.00  |  0.00  |  0.00  |  0.00  |  0.00  |  0.00  |  0.00  |
| 159  |          Demon          | 3.18  | 15.07  | 35.88  |  0.00  |  0.00  |  0.00  |  0.00  |  0.00  |  0.00  |  0.00  |  0.00  |  0.00  |  0.00  |  0.00  |  0.00  |  0.00  |  0.00  |
| 160  |       魔域大宝贝        | 3.14  |  0.00  | 50.26  |  0.00  |  0.00  |  0.00  |  0.00  |  0.00  |  0.00  |  0.00  |  0.00  |  0.00  |  0.00  |  0.00  |  0.00  |  0.00  |  0.00  |
| 161  |          北凉           | 3.09  |  0.00  | 49.49  |  0.00  |  0.00  |  0.00  |  0.00  |  0.00  |  0.00  |  0.00  |  0.00  |  0.00  |  0.00  |  0.00  |  0.00  |  0.00  |  0.00  |
| 162  |        罗之无双         | 2.93  |  0.00  | 46.90  |  0.00  |  0.00  |  0.00  |  0.00  |  0.00  |  0.00  |  0.00  |  0.00  |  0.00  |  0.00  |  0.00  |  0.00  |  0.00  |  0.00  |
| 163  |         熊小妹          | 2.91  |  8.90  | 12.31  |  0.00  |  0.00  |  0.00  |  0.00  |  0.00  |  0.00  |  0.00  |  0.00  |  0.00  |  0.00  |  0.00  | 25.30  |  0.00  |  0.00  |
| 164  |         大蛆蛆          | 2.84  |  0.00  | 45.47  |  0.00  |  0.00  |  0.00  |  0.00  |  0.00  |  0.00  |  0.00  |  0.00  |  0.00  |  0.00  |  0.00  |  0.00  |  0.00  |  0.00  |
| 165  |        凛_凑数的        | 2.81  |  7.37  | 15.39  |  0.00  |  0.00  |  0.00  |  0.00  |  0.00  |  0.00  |  0.00  |  0.00  |  0.00  |  0.00  |  0.00  | 10.37  | 11.87  |  0.00  |
| 166  |        jerryesss        | 2.76  |  0.00  | 44.16  |  0.00  |  0.00  |  0.00  |  0.00  |  0.00  |  0.00  |  0.00  |  0.00  |  0.00  |  0.00  |  0.00  |  0.00  |  0.00  |  0.00  |
| 167  |           1h            | 2.75  |  0.00  | 43.92  |  0.00  |  0.00  |  0.00  |  0.00  |  0.00  |  0.00  |  0.00  |  0.00  |  0.00  |  0.00  |  0.00  |  0.00  |  0.00  |  0.00  |
| 168  |           东            | 2.72  |  0.00  | 43.56  |  0.00  |  0.00  |  0.00  |  0.00  |  0.00  |  0.00  |  0.00  |  0.00  |  0.00  |  0.00  |  0.00  |  0.00  |  0.00  |  0.00  |
| 169  |       2023JINJ03        | 2.71  |  0.00  |  0.00  | 26.43  |  0.00  |  0.00  |  0.00  |  0.00  | 16.94  |  0.00  |  0.00  |  0.00  |  0.00  |  0.00  |  0.00  |  0.00  |  0.00  |
| 170  |        aaaa1123         | 2.70  |  0.00  | 43.21  |  0.00  |  0.00  |  0.00  |  0.00  |  0.00  |  0.00  |  0.00  |  0.00  |  0.00  |  0.00  |  0.00  |  0.00  |  0.00  |  0.00  |
| 171  |       赛博丁真sht       | 2.65  |  0.00  |  0.00  | 42.41  |  0.00  |  0.00  |  0.00  |  0.00  |  0.00  |  0.00  |  0.00  |  0.00  |  0.00  |  0.00  |  0.00  |  0.00  |  0.00  |
| 172  |         袁子为          | 2.61  |  0.00  |  0.00  | 41.81  |  0.00  |  0.00  |  0.00  |  0.00  |  0.00  |  0.00  |  0.00  |  0.00  |  0.00  |  0.00  |  0.00  |  0.00  |  0.00  |
| 173  |          久久           | 2.60  |  0.00  | 41.63  |  0.00  |  0.00  |  0.00  |  0.00  |  0.00  |  0.00  |  0.00  |  0.00  |  0.00  |  0.00  |  0.00  |  0.00  |  0.00  |  0.00  |
| 174  |         Cuber焰         | 2.56  |  0.00  | 41.01  |  0.00  |  0.00  |  0.00  |  0.00  |  0.00  |  0.00  |  0.00  |  0.00  |  0.00  |  0.00  |  0.00  |  0.00  |  0.00  |  0.00  |
| 175  |          浅梦           |  NaN  |  0.00  |  0.00  | 62.71  |  0.00  |  NaN   |  0.00  |  0.00  | 23.20  |  0.00  |  0.00  |  0.00  |  0.00  |  0.00  |  0.00  |  0.00  |  0.00  |
| 176  |           唐            | 0.00  |  0.00  |  0.00  |  0.00  |  0.00  |  0.00  |  0.00  |  0.00  |  0.00  |  0.00  |  0.00  |  0.00  |  0.00  |  0.00  |  0.00  |  0.00  |  0.00  |
| 177  |         摆渡人          | 0.84  |  0.00  |  0.00  | 13.46  |  0.00  |  0.00  |  0.00  |  0.00  |  0.00  |  0.00  |  0.00  |  0.00  |  0.00  |  0.00  |  0.00  |  0.00  |  0.00  |
| 178  |         Cuber方         |  NaN  | 23.51  | 61.26  | 12.87  | 53.16  |  NaN   | 63.07  | 64.86  | 15.51  | 77.73  | 68.44  | 67.32  | 31.31  | 88.13  | 26.92  | 31.92  | 25.02  |
| 179  |        Cuber香烟        | 0.60  |  9.66  |  0.00  |  0.00  |  0.00  |  0.00  |  0.00  |  0.00  |  0.00  |  0.00  |  0.00  |  0.00  |  0.00  |  0.00  |  0.00  |  0.00  |  0.00  |
| 180  |       流苏Tessel        |  NaN  | 15.80  | 37.50  | 10.72  |  0.00  |  NaN   |  0.00  |  0.00  |  0.00  |  0.00  |  0.00  |  0.00  | 22.16  |  0.00  | 14.89  |  0.00  |  0.00  |
| 181  |         流云水          |  NaN  | 12.48  | 27.45  | 32.32  | 49.58  |  NaN   |  0.00  | 26.46  | 29.08  | 21.50  |  0.00  |  0.00  |  0.00  |  0.00  |  0.00  |  0.00  |  0.00  |
| 182  |           csk           | 0.00  |  0.00  |  0.00  |  0.00  |  0.00  |  0.00  |  0.00  |  0.00  |  0.00  |  0.00  |  0.00  |  0.00  |  0.00  |  0.00  |  0.00  |  0.00  |  0.00  |
| 183  |         曹軒綺          | 1.56  | 24.93  |  0.00  |  0.00  |  0.00  |  0.00  |  0.00  |  0.00  |  0.00  |  0.00  |  0.00  |  0.00  |  0.00  |  0.00  |  0.00  |  0.00  |  0.00  |
| 184  |       Justkidding       | 2.31  | 14.31  | 22.67  |  0.00  |  0.00  |  0.00  |  0.00  |  0.00  |  0.00  |  0.00  |  0.00  |  0.00  |  0.00  |  0.00  |  0.00  |  0.00  |  0.00  |
| 185  |          转转           | 1.77  | 28.35  |  0.00  |  0.00  |  0.00  |  0.00  |  0.00  |  0.00  |  0.00  |  0.00  |  0.00  |  0.00  |  0.00  |  0.00  |  0.00  |  0.00  |  0.00  |
| 186  |           jlc           | 1.98  |  0.00  | 31.70  |  0.00  |  0.00  |  0.00  |  0.00  |  0.00  |  0.00  |  0.00  |  0.00  |  0.00  |  0.00  |  0.00  |  0.00  |  0.00  |  0.00  |
| 187  |         五十六          | 0.00  |  0.00  |  0.00  |  0.00  |  0.00  |  0.00  |  0.00  |  0.00  |  0.00  |  0.00  |  0.00  |  0.00  |  0.00  |  0.00  |  0.00  |  0.00  |  0.00  |
| 188  |          理一           | 0.00  |  0.00  |  0.00  |  0.00  |  0.00  |  0.00  |  0.00  |  0.00  |  0.00  |  0.00  |  0.00  |  0.00  |  0.00  |  0.00  |  0.00  |  0.00  |  0.00  |
| 189  |          兮缘           |  NaN  | 21.56  | 49.11  | 30.04  |  0.00  |  NaN   | 39.13  | 58.35  | 21.17  | 58.19  | 59.30  | 50.89  | 45.39  | 56.87  | 45.82  | 61.74  | 23.97  |
| 190  |         嘉小二          | 0.00  |  0.00  |  0.00  |  0.00  |  0.00  |  0.00  |  0.00  |  0.00  |  0.00  |  0.00  |  0.00  |  0.00  |  0.00  |  0.00  |  0.00  |  0.00  |  0.00  |
| 191  |         孙大圣          |  NaN  | 19.70  | 38.83  | 52.95  | 56.20  |  NaN   | 43.51  | 46.49  | 64.28  | 53.82  | 50.38  | 44.26  | 40.73  | 40.13  | 15.36  | 40.65  | 20.76  |
| 192  |          小鱼           | 1.72  |  0.00  | 27.56  |  0.00  |  0.00  |  0.00  |  0.00  |  0.00  |  0.00  |  0.00  |  0.00  |  0.00  |  0.00  |  0.00  |  0.00  |  0.00  |  0.00  |
| 193  |            F            | 0.00  |  0.00  |  0.00  |  0.00  |  0.00  |  0.00  |  0.00  |  0.00  |  0.00  |  0.00  |  0.00  |  0.00  |  0.00  |  0.00  |  0.00  |  0.00  |  0.00  |
| 194  |        PsychicL         | 1.93  |  0.00  | 30.92  |  0.00  |  0.00  |  0.00  |  0.00  |  0.00  |  0.00  |  0.00  |  0.00  |  0.00  |  0.00  |  0.00  |  0.00  |  0.00  |  0.00  |
| 195  |          雪焰           | 1.49  |  0.00  |  0.00  | 23.85  |  0.00  |  0.00  |  0.00  |  0.00  |  0.00  |  0.00  |  0.00  |  0.00  |  0.00  |  0.00  |  0.00  |  0.00  |  0.00  |
| 196  |          清闲           | 1.97  |  8.90  | 22.69  |  0.00  |  0.00  |  0.00  |  0.00  |  0.00  |  0.00  |  0.00  |  0.00  |  0.00  |  0.00  |  0.00  |  0.00  |  0.00  |  0.00  |
| 197  |        cuber八重        | 2.55  |  7.28  | 19.70  |  0.00  |  0.00  |  0.00  |  0.00  |  0.00  |  0.00  |  0.00  |  0.00  |  0.00  |  0.00  |  0.00  |  0.00  | 13.89  |  0.00  |
| 198  |          炮湿           |  NaN  | 30.43  | 63.68  |  9.48  | 100.00 |  NaN   | 60.65  | 66.01  |  0.00  | 78.23  | 82.27  | 74.51  | 24.26  | 57.33  | 53.50  | 55.14  | 26.86  |
| 199  |         最鶸的          | 0.00  |  0.00  |  0.00  |  0.00  |  0.00  |  0.00  |  0.00  |  0.00  |  0.00  |  0.00  |  0.00  |  0.00  |  0.00  |  0.00  |  0.00  |  0.00  |  0.00  |
| 200  |          一海           | 0.00  |  0.00  |  0.00  |  0.00  |  0.00  |  0.00  |  0.00  |  0.00  |  0.00  |  0.00  |  0.00  |  0.00  |  0.00  |  0.00  |  0.00  |  0.00  |  0.00  |
| 201  |       者仿模Gniw        |  NaN  |  0.00  |  0.00  | 27.13  |  0.00  |  NaN   |  0.00  |  0.00  | 59.22  |  0.00  |  0.00  |  0.00  |  0.00  |  0.00  |  0.00  |  0.00  |  0.00  |
| 202  | 以自己喜欢的方式_过一生 | 0.00  |  0.00  |  0.00  |  0.00  |  0.00  |  0.00  |  0.00  |  0.00  |  0.00  |  0.00  |  0.00  |  0.00  |  0.00  |  0.00  |  0.00  |  0.00  |  0.00  |
| 203  |       模仿者Wing        |  NaN  | 32.38  | 47.59  | 27.89  | 46.47  |  NaN   | 43.83  | 51.27  | 55.88  | 61.28  | 59.59  | 53.66  | 71.93  | 44.53  | 41.88  | 50.87  | 29.46  |
| 204  |        认真睡觉         | 0.00  |  0.00  |  0.00  |  0.00  |  0.00  |  0.00  |  0.00  |  0.00  |  0.00  |  0.00  |  0.00  |  0.00  |  0.00  |  0.00  |  0.00  |  0.00  |  0.00  |
| 205  |        imitator         |  NaN  | 45.73  | 69.87  | 25.63  | 38.07  |  NaN   | 48.29  | 54.75  | 16.82  | 53.94  | 58.84  | 51.31  |  0.00  |  0.00  | 62.94  |  0.00  |  0.00  |
| 206  |          已知           | 1.20  |  0.00  |  0.00  | 19.14  |  0.00  |  0.00  |  0.00  |  0.00  |  0.00  |  0.00  |  0.00  |  0.00  |  0.00  |  0.00  |  0.00  |  0.00  |  0.00  |
| 207  |          三体           | 2.19  |  0.00  | 35.00  |  0.00  |  0.00  |  0.00  |  0.00  |  0.00  |  0.00  |  0.00  |  0.00  |  0.00  |  0.00  |  0.00  |  0.00  |  0.00  |  0.00  |
| 208  |         陈依灵          | 2.12  |  0.00  |  0.00  | 33.97  |  0.00  |  0.00  |  0.00  |  0.00  |  0.00  |  0.00  |  0.00  |  0.00  |  0.00  |  0.00  |  0.00  |  0.00  |  0.00  |
| 209  |          aAres          |  NaN  | 18.72  | 41.51  | 38.56  |  0.00  |  NaN   | 35.68  | 40.30  |  0.00  | 43.57  | 46.57  | 34.80  |  0.00  | 27.16  | 24.32  | 41.22  |  0.00  |
| 210  |          蟹黄           | 1.97  |  0.00  |  0.00  | 31.44  |  0.00  |  0.00  |  0.00  |  0.00  |  0.00  |  0.00  |  0.00  |  0.00  |  0.00  |  0.00  |  0.00  |  0.00  |  0.00  |
| 211  |         彭某某          | 2.43  |  0.00  | 38.85  |  0.00  |  0.00  |  0.00  |  0.00  |  0.00  |  0.00  |  0.00  |  0.00  |  0.00  |  0.00  |  0.00  |  0.00  |  0.00  |  0.00  |
| 212  |       2019wanz21        |  NaN  |  0.00  |  0.00  | 46.04  |  0.00  |  NaN   |  0.00  |  0.00  | 100.00 |  0.00  |  0.00  |  0.00  |  0.00  |  0.00  |  0.00  |  0.00  |  0.00  |
| 213  |       2013Moqi01        | 2.16  |  0.00  |  0.00  | 34.52  |  0.00  |  0.00  |  0.00  |  0.00  |  0.00  |  0.00  |  0.00  |  0.00  |  0.00  |  0.00  |  0.00  |  0.00  |  0.00  |
| 214  |          生孩           |  NaN  |  0.00  |  0.00  | 47.68  | 72.85  |  NaN   |  0.00  |  0.00  | 51.73  |  0.00  |  0.00  |  0.00  |  0.00  |  0.00  |  0.00  |  0.00  |  0.00  |
| 215  |          四火           |  NaN  | 31.71  | 61.26  |  9.72  | 35.76  |  NaN   | 31.89  | 75.20  |  8.33  | 89.34  | 88.55  | 77.94  | 41.59  | 52.86  | 76.98  | 53.13  | 31.39  |
| 216  |          小金           |  NaN  |  0.00  |  0.00  | 34.12  |  0.00  |  NaN   | 60.96  |  0.00  | 14.98  |  0.00  |  0.00  |  0.00  |  0.00  |  0.00  |  0.00  |  0.00  |  0.00  |
| 217  |       2023CHEJ12        |  NaN  |  0.00  |  0.00  | 21.91  |  0.00  |  NaN   |  0.00  |  0.00  | 25.24  |  0.00  |  0.00  |  0.00  |  0.00  |  0.00  |  0.00  |  0.00  |  0.00  |
| 218  |           樂            | 1.85  |  0.00  | 29.57  |  0.00  |  0.00  |  0.00  |  0.00  |  0.00  |  0.00  |  0.00  |  0.00  |  0.00  |  0.00  |  0.00  |  0.00  |  0.00  |  0.00  |
| 219  |         飞机场          | 0.51  |  0.00  |  0.00  |  8.11  |  0.00  |  0.00  |  0.00  |  0.00  |  0.00  |  0.00  |  0.00  |  0.00  |  0.00  |  0.00  |  0.00  |  0.00  |  0.00  |
| 220  |         小水獭          | 0.00  |  0.00  |  0.00  |  0.00  |  0.00  |  0.00  |  0.00  |  0.00  |  0.00  |  0.00  |  0.00  |  0.00  |  0.00  |  0.00  |  0.00  |  0.00  |  0.00  |
| 221  |          纪纲           | 1.29  |  0.00  |  0.00  | 20.72  |  0.00  |  0.00  |  0.00  |  0.00  |  0.00  |  0.00  |  0.00  |  0.00  |  0.00  |  0.00  |  0.00  |  0.00  |  0.00  |
| 222  |          NaOH           | 0.00  |  0.00  |  0.00  |  0.00  |  0.00  |  0.00  |  0.00  |  0.00  |  0.00  |  0.00  |  0.00  |  0.00  |  0.00  |  0.00  |  0.00  |  0.00  |  0.00  |
| 223  |          诚诚           | 1.12  | 17.88  |  0.00  |  0.00  |  0.00  |  0.00  |  0.00  |  0.00  |  0.00  |  0.00  |  0.00  |  0.00  |  0.00  |  0.00  |  0.00  |  0.00  |  0.00  |
| 224  |          Rodin          | 2.52  |  0.00  |  0.00  | 40.26  |  0.00  |  0.00  |  0.00  |  0.00  |  0.00  |  0.00  |  0.00  |  0.00  |  0.00  |  0.00  |  0.00  |  0.00  |  0.00  |
| 225  |         崔子扬          | 0.00  |  0.00  |  0.00  |  0.00  |  0.00  |  0.00  |  0.00  |  0.00  |  0.00  |  0.00  |  0.00  |  0.00  |  0.00  |  0.00  |  0.00  |  0.00  |  0.00  |
| 226  |        showball         |  NaN  | 21.41  | 52.62  | 14.57  |  0.00  |  NaN   | 48.52  | 35.78  |  0.00  | 32.68  |  0.00  |  0.00  |  0.00  | 44.01  | 13.93  | 17.71  |  0.00  |
| 227  |        西边de海         | 1.92  |  0.00  | 30.74  |  0.00  |  0.00  |  0.00  |  0.00  |  0.00  |  0.00  |  0.00  |  0.00  |  0.00  |  0.00  |  0.00  |  0.00  |  0.00  |  0.00  |
| 228  |        醉了由他         | 0.00  |  0.00  |  0.00  |  0.00  |  0.00  |  0.00  |  0.00  |  0.00  |  0.00  |  0.00  |  0.00  |  0.00  |  0.00  |  0.00  |  0.00  |  0.00  |  0.00  |
| 229  |          困熊           | 1.66  |  0.00  | 17.47  |  0.00  |  0.00  |  0.00  |  0.00  |  9.09  |  0.00  |  0.00  |  0.00  |  0.00  |  0.00  |  0.00  |  0.00  |  0.00  |  0.00  |
| 230  |       守一座空城        | 2.08  |  0.00  | 33.33  |  0.00  |  0.00  |  0.00  |  0.00  |  0.00  |  0.00  |  0.00  |  0.00  |  0.00  |  0.00  |  0.00  |  0.00  |  0.00  |  0.00  |
| 231  |         小丫鬟          |  NaN  | 26.15  | 52.53  | 31.26  | 40.42  |  NaN   | 43.37  | 61.19  | 31.49  | 61.18  | 64.26  | 56.54  | 45.77  | 59.84  | 52.71  | 67.09  | 30.15  |
| 232  |          辞忧           | 1.28  |  0.00  |  0.00  |  0.00  |  0.00  |  0.00  |  0.00  |  0.00  |  0.00  |  0.00  |  0.00  |  0.00  |  0.00  |  0.00  | 20.54  |  0.00  |  0.00  |
└──────┴─────────────────────────┴───────┴────────┴────────┴────────┴────────┴────────┴────────┴────────┴────────┴────────┴────────┴────────┴────────┴────────┴────────┴────────┴────────┴─────┘